0.01 0.0198007 -0.00826928 0.0100472
0.02 0.0392073 -0.0163734 0.0198933
0.03 0.0582258 -0.0243141 0.0295401
0.04 0.0768619 -0.0320933 0.0389894
0.05 0.0951214 -0.0397127 0.0482431
0.06 0.11301 -0.0471742 0.0573029
0.07 0.130533 -0.0544795 0.0661706
0.08 0.147696 -0.0616303 0.0748481
0.09 0.164505 -0.0686285 0.0833371
0.1 0.180965 -0.0754757 0.0916394
0.11 0.19708 -0.0821737 0.0997567
0.12 0.212858 -0.0887241 0.107691
0.13 0.228301 -0.0951287 0.115444
0.14 0.243417 -0.101389 0.123016
0.15 0.258209 -0.107507 0.130411
0.16 0.272682 -0.113484 0.13763
0.17 0.286842 -0.119321 0.144674
0.18 0.300693 -0.125021 0.151546
0.19 0.31424 -0.130585 0.158246
0.2 0.327488 -0.136014 0.164776
0.21 0.340441 -0.141311 0.171139
0.22 0.353103 -0.146476 0.177336
0.23 0.365481 -0.151511 0.183368
0.24 0.377576 -0.156417 0.189238
0.25 0.389395 -0.161197 0.194946
0.26 0.400942 -0.165852 0.200495
0.27 0.41222 -0.170383 0.205886
0.28 0.423234 -0.174791 0.211121
0.29 0.433987 -0.179079 0.216201
0.3 0.444485 -0.183247 0.221127
0.31 0.454732 -0.187297 0.225903
0.32 0.46473 -0.19123 0.230529
0.33 0.474484 -0.195048 0.235006
0.34 0.483998 -0.198753 0.239336
0.35 0.493276 -0.202345 0.243522
0.36 0.502321 -0.205826 0.247564
0.37 0.511138 -0.209197 0.251463
0.38 0.519729 -0.21246 0.255223
0.39 0.528099 -0.215615 0.258843
0.4 0.53625 -0.218666 0.262326
0.41 0.544187 -0.221611 0.265672
0.42 0.551914 -0.224454 0.268885
0.43 0.559432 -0.227195 0.271964
0.44 0.566746 -0.229835 0.274912
0.45 0.57386 -0.232376 0.27773
0.46 0.580775 -0.234819 0.280419
0.47 0.587497 -0.237165 0.282982
0.48 0.594026 -0.239415 0.285419
0.49 0.600368 -0.241572 0.287731
0.5 0.606525 -0.243635 0.289921
0.51 0.6125 -0.245606 0.29199
0.52 0.618296 -0.247486 0.293939
0.53 0.623916 -0.249277 0.295769
0.54 0.629363 -0.250979 0.297482
0.55 0.63464 -0.252594 0.29908
0.56 0.639749 -0.254123 0.300564
0.57 0.644694 -0.255567 0.301934
0.58 0.649477 -0.256927 0.303194
0.59 0.654101 -0.258204 0.304343
0.6 0.658569 -0.259399 0.305383
0.61 0.662883 -0.260514 0.306316
0.62 0.667046 -0.261549 0.307143
0.63 0.671061 -0.262506 0.307866
0.64 0.67493 -0.263385 0.308484
0.65 0.678655 -0.264188 0.309001
0.66 0.682239 -0.264916 0.309418
0.67 0.685685 -0.265569 0.309734
0.68 0.688995 -0.266149 0.309953
0.69 0.692171 -0.266657 0.310075
0.7 0.695215 -0.267094 0.310101
0.71 0.698131 -0.26746 0.310033
0.72 0.700919 -0.267757 0.309872
0.73 0.703583 -0.267985 0.309619
0.74 0.706125 -0.268147 0.309276
0.75 0.708546 -0.268241 0.308843
0.76 0.71085 -0.268271 0.308323
0.77 0.713037 -0.268236 0.307716
0.78 0.71511 -0.268137 0.307023
0.79 0.717072 -0.267975 0.306246
0.8 0.718923 -0.267752 0.305385
0.81 0.720667 -0.267468 0.304443
0.82 0.722305 -0.267123 0.30342
0.83 0.723839 -0.26672 0.302318
0.84 0.725271 -0.266258 0.301137
0.85 0.726603 -0.265739 0.299879
0.86 0.727836 -0.265164 0.298544
0.87 0.728973 -0.264533 0.297135
0.88 0.730016 -0.263846 0.295653
0.89 0.730965 -0.263106 0.294097
0.9 0.731823 -0.262313 0.29247
0.91 0.732592 -0.261467 0.290773
0.92 0.733273 -0.26057 0.289007
0.93 0.733868 -0.259622 0.287172
0.94 0.734379 -0.258624 0.285271
0.95 0.734807 -0.257577 0.283303
0.96 0.735153 -0.256482 0.281271
0.97 0.73542 -0.255338 0.279175
0.98 0.735609 -0.254148 0.277016
0.99 0.735721 -0.252912 0.274796
1 0.735758 -0.25163 0.272515
1.01 0.735722 -0.250304 0.270175
1.02 0.735613 -0.248934 0.267776
1.03 0.735434 -0.247521 0.26532
1.04 0.735185 -0.246065 0.262808
1.05 0.734869 -0.244567 0.26024
1.06 0.734486 -0.243028 0.257618
1.07 0.734038 -0.241449 0.254942
1.08 0.733527 -0.239831 0.252214
1.09 0.732952 -0.238173 0.249435
1.1 0.732317 -0.236477 0.246606
1.11 0.731621 -0.234743 0.243727
1.12 0.730867 -0.232972 0.2408
1.13 0.730056 -0.231165 0.237825
1.14 0.729188 -0.229322 0.234804
1.15 0.728266 -0.227445 0.231738
1.16 0.727289 -0.225532 0.228627
1.17 0.72626 -0.223586 0.225472
1.18 0.725179 -0.221607 0.222275
1.19 0.724048 -0.219595 0.219036
1.2 0.722868 -0.217552 0.215756
1.21 0.721639 -0.215476 0.212436
1.22 0.720363 -0.213371 0.209077
1.23 0.719042 -0.211235 0.205681
1.24 0.717675 -0.209069 0.202247
1.25 0.716264 -0.206874 0.198776
1.26 0.71481 -0.204651 0.19527
1.27 0.713315 -0.2024 0.19173
1.28 0.711778 -0.200122 0.188156
1.29 0.710201 -0.197817 0.184549
1.3 0.708585 -0.195486 0.18091
1.31 0.706931 -0.193129 0.17724
1.32 0.70524 -0.190747 0.17354
1.33 0.703512 -0.188341 0.16981
1.34 0.701749 -0.18591 0.166051
1.35 0.699952 -0.183456 0.162265
1.36 0.69812 -0.180979 0.158452
1.37 0.696256 -0.178479 0.154612
1.38 0.69436 -0.175957 0.150747
1.39 0.692433 -0.173414 0.146858
1.4 0.690475 -0.170849 0.142945
1.41 0.688488 -0.168264 0.139008
1.42 0.686472 -0.165659 0.13505
1.43 0.684427 -0.163035 0.13107
1.44 0.682356 -0.160391 0.127069
1.45 0.680258 -0.157729 0.123048
1.46 0.678134 -0.155048 0.119008
1.47 0.675985 -0.15235 0.11495
1.48 0.673812 -0.149634 0.110873
1.49 0.671615 -0.146902 0.10678
1.5 0.669395 -0.144153 0.102671
1.51 0.667153 -0.141388 0.0985455
1.52 0.664889 -0.138608 0.0944056
1.53 0.662604 -0.135813 0.0902515
1.54 0.660299 -0.133002 0.086084
1.55 0.657974 -0.130178 0.0819037
1.56 0.655629 -0.12734 0.0777113
1.57 0.653267 -0.124488 0.0735076
1.58 0.650886 -0.121623 0.0692931
1.59 0.648489 -0.118746 0.0650686
1.6 0.646074 -0.115856 0.0608348
1.61 0.643643 -0.112954 0.0565922
1.62 0.641197 -0.110041 0.0523416
1.63 0.638736 -0.107117 0.0480835
1.64 0.63626 -0.104182 0.0438187
1.65 0.63377 -0.101237 0.0395477
1.66 0.631267 -0.098282 0.0352712
1.67 0.628751 -0.0953172 0.0309898
1.68 0.626222 -0.0923431 0.0267041
1.69 0.623682 -0.0893601 0.0224148
1.7 0.62113 -0.0863685 0.0181224
1.71 0.618567 -0.0833687 0.0138275
1.72 0.615994 -0.0803611 0.00953075
1.73 0.61341 -0.0773459 0.00523273
1.74 0.610817 -0.0743235 0.000934007
1.75 0.608215 -0.0712943 -0.00336484
1.76 0.605604 -0.0682585 -0.00766324
1.77 0.602985 -0.0652165 -0.0119606
1.78 0.600358 -0.0621686 -0.0162564
1.79 0.597724 -0.0591151 -0.0205501
1.8 0.595083 -0.0560564 -0.0248412
1.81 0.592435 -0.0529926 -0.029129
1.82 0.58978 -0.0499243 -0.033413
1.83 0.58712 -0.0468515 -0.0376928
1.84 0.584455 -0.0437747 -0.0419678
1.85 0.581784 -0.0406942 -0.0462374
1.86 0.579109 -0.0376101 -0.0505012
1.87 0.576429 -0.0345229 -0.0547586
1.88 0.573746 -0.0314327 -0.0590092
1.89 0.571058 -0.0283399 -0.0632524
1.9 0.568368 -0.0252447 -0.0674878
1.91 0.565674 -0.0221475 -0.0717149
1.92 0.562978 -0.0190484 -0.0759331
1.93 0.560279 -0.0159478 -0.080142
1.94 0.557578 -0.0128459 -0.0843411
1.95 0.554876 -0.00974297 -0.08853
1.96 0.552172 -0.00663925 -0.0927083
1.97 0.549467 -0.003535 -0.0968753
1.98 0.546761 -0.000430471 -0.101031
1.99 0.544055 0.00267409 -0.105174
2 0.541348 0.00577845 -0.109305
2.01 0.538642 0.00888235 -0.113423
2.02 0.535936 0.0119856 -0.117528
2.03 0.53323 0.0150879 -0.121618
2.04 0.530525 0.018189 -0.125695
2.05 0.527821 0.0212888 -0.129757
2.06 0.525118 0.024387 -0.133804
2.07 0.522417 0.0274834 -0.137836
2.08 0.519717 0.0305777 -0.141851
2.09 0.51702 0.0336698 -0.145851
2.1 0.514325 0.0367595 -0.149834
2.11 0.511632 0.0398464 -0.153799
2.12 0.508942 0.0429305 -0.157748
2.13 0.506255 0.0460115 -0.161679
2.14 0.50357 0.0490892 -0.165591
2.15 0.50089 0.0521634 -0.169485
2.16 0.498212 0.055234 -0.17336
2.17 0.495539 0.0583007 -0.177216
2.18 0.492869 0.0613633 -0.181053
2.19 0.490203 0.0644217 -0.184869
2.2 0.487542 0.0674757 -0.188665
2.21 0.484885 0.070525 -0.192441
2.22 0.482232 0.0735696 -0.196196
2.23 0.479585 0.0766091 -0.199929
2.24 0.476942 0.0796436 -0.203641
2.25 0.474304 0.0826727 -0.207331
2.26 0.471672 0.0856964 -0.210998
2.27 0.469045 0.0887143 -0.214643
2.28 0.466424 0.0917265 -0.218266
2.29 0.463808 0.0947327 -0.221865
2.3 0.461199 0.0977328 -0.225441
2.31 0.458595 0.100727 -0.228993
2.32 0.455997 0.103714 -0.232521
2.33 0.453406 0.106695 -0.236024
2.34 0.450821 0.109669 -0.239504
2.35 0.448243 0.112636 -0.242958
2.36 0.445671 0.115596 -0.246387
2.37 0.443107 0.118549 -0.249791
2.38 0.440549 0.121494 -0.253169
2.39 0.437998 0.124432 -0.256521
2.4 0.435454 0.127363 -0.259847
2.41 0.432918 0.130285 -0.263147
2.42 0.430389 0.1332 -0.26642
2.43 0.427867 0.136107 -0.269666
2.44 0.425353 0.139006 -0.272885
2.45 0.422846 0.141896 -0.276077
2.46 0.420348 0.144778 -0.279241
2.47 0.417857 0.147652 -0.282377
2.48 0.415374 0.150517 -0.285485
2.49 0.412899 0.153373 -0.288565
2.5 0.410433 0.15622 -0.291617
2.51 0.407974 0.159058 -0.29464
2.52 0.405524 0.161888 -0.297634
2.53 0.403082 0.164708 -0.300598
2.54 0.400649 0.167518 -0.303534
2.55 0.398224 0.17032 -0.30644
2.56 0.395808 0.173112 -0.309317
2.57 0.3934 0.175894 -0.312164
2.58 0.391002 0.178666 -0.31498
2.59 0.388612 0.181429 -0.317767
2.6 0.38623 0.184182 -0.320523
2.61 0.383858 0.186925 -0.323249
2.62 0.381495 0.189657 -0.325944
2.63 0.37914 0.19238 -0.328608
2.64 0.376795 0.195092 -0.331242
2.65 0.374459 0.197794 -0.333844
2.66 0.372132 0.200485 -0.336414
2.67 0.369814 0.203166 -0.338954
2.68 0.367506 0.205836 -0.341461
2.69 0.365207 0.208495 -0.343937
2.7 0.362917 0.211144 -0.346381
2.71 0.360637 0.213781 -0.348794
2.72 0.358366 0.216408 -0.351174
2.73 0.356105 0.219024 -0.353521
2.74 0.353853 0.221629 -0.355837
2.75 0.351611 0.224222 -0.35812
2.76 0.349378 0.226804 -0.36037
2.77 0.347155 0.229375 -0.362588
2.78 0.344941 0.231935 -0.364773
2.79 0.342738 0.234483 -0.366925
2.8 0.340544 0.237019 -0.369043
2.81 0.338359 0.239544 -0.371129
2.82 0.336185 0.242058 -0.373182
2.83 0.33402 0.244559 -0.375201
2.84 0.331865 0.247049 -0.377187
2.85 0.32972 0.249527 -0.37914
2.86 0.327584 0.251993 -0.381059
2.87 0.325459 0.254447 -0.382944
2.88 0.323343 0.25689 -0.384796
2.89 0.321237 0.25932 -0.386613
2.9 0.319142 0.261738 -0.388397
2.91 0.317056 0.264144 -0.390148
2.92 0.31498 0.266537 -0.391864
2.93 0.312913 0.268919 -0.393546
2.94 0.310857 0.271288 -0.395194
2.95 0.308811 0.273645 -0.396808
2.96 0.306775 0.27599 -0.398388
2.97 0.304748 0.278322 -0.399934
2.98 0.302732 0.280641 -0.401445
2.99 0.300725 0.282948 -0.402922
3 0.298729 0.285243 -0.404365
3.01 0.296742 0.287525 -0.405774
3.02 0.294766 0.289794 -0.407148
3.03 0.292799 0.292051 -0.408488
3.04 0.290843 0.294295 -0.409793
3.05 0.288896 0.296526 -0.411064
3.06 0.286959 0.298745 -0.4123
3.07 0.285032 0.30095 -0.413502
3.08 0.283115 0.303143 -0.414669
3.09 0.281208 0.305323 -0.415802
3.1 0.279311 0.307491 -0.4169
3.11 0.277424 0.309645 -0.417964
3.12 0.275547 0.311786 -0.418994
3.13 0.273679 0.313915 -0.419988
3.14 0.271822 0.31603 -0.420949
3.15 0.269974 0.318133 -0.421874
3.16 0.268137 0.320222 -0.422766
3.17 0.266309 0.322299 -0.423622
3.18 0.264491 0.324362 -0.424445
3.19 0.262682 0.326412 -0.425232
3.2 0.260884 0.328449 -0.425986
3.21 0.259095 0.330473 -0.426705
3.22 0.257316 0.332484 -0.427389
3.23 0.255547 0.334482 -0.42804
3.24 0.253787 0.336467 -0.428656
3.25 0.252038 0.338438 -0.429237
3.26 0.250298 0.340396 -0.429785
3.27 0.248567 0.342341 -0.430298
3.28 0.246847 0.344273 -0.430777
3.29 0.245136 0.346192 -0.431221
3.3 0.243434 0.348097 -0.431632
3.31 0.241742 0.349989 -0.432009
3.32 0.24006 0.351868 -0.432351
3.33 0.238387 0.353733 -0.43266
3.34 0.236724 0.355586 -0.432935
3.35 0.23507 0.357425 -0.433176
3.36 0.233426 0.359251 -0.433383
3.37 0.231791 0.361063 -0.433556
3.38 0.230165 0.362862 -0.433696
3.39 0.228549 0.364648 -0.433802
3.4 0.226943 0.366421 -0.433875
3.41 0.225346 0.36818 -0.433914
3.42 0.223758 0.369926 -0.43392
3.43 0.222179 0.371659 -0.433893
3.44 0.220609 0.373379 -0.433832
3.45 0.219049 0.375085 -0.433738
3.46 0.217498 0.376778 -0.433611
3.47 0.215956 0.378457 -0.433451
3.48 0.214424 0.380124 -0.433259
3.49 0.2129 0.381777 -0.433033
3.5 0.211386 0.383417 -0.432774
3.51 0.20988 0.385043 -0.432483
3.52 0.208384 0.386657 -0.43216
3.53 0.206897 0.388257 -0.431804
3.54 0.205418 0.389843 -0.431415
3.55 0.203949 0.391417 -0.430995
3.56 0.202488 0.392978 -0.430542
3.57 0.201036 0.394525 -0.430057
3.58 0.199593 0.396059 -0.42954
3.59 0.198159 0.397579 -0.428991
3.6 0.196734 0.399087 -0.428411
3.61 0.195318 0.400581 -0.427799
3.62 0.19391 0.402063 -0.427155
3.63 0.192511 0.403531 -0.42648
3.64 0.19112 0.404986 -0.425774
3.65 0.189738 0.406428 -0.425037
3.66 0.188365 0.407857 -0.424268
3.67 0.187 0.409272 -0.423469
3.68 0.185644 0.410675 -0.422638
3.69 0.184296 0.412065 -0.421777
3.7 0.182957 0.413441 -0.420886
3.71 0.181626 0.414805 -0.419964
3.72 0.180303 0.416155 -0.419011
3.73 0.178989 0.417493 -0.418029
3.74 0.177683 0.418817 -0.417016
3.75 0.176385 0.420129 -0.415974
3.76 0.175096 0.421428 -0.414901
3.77 0.173815 0.422713 -0.4138
3.78 0.172542 0.423986 -0.412668
3.79 0.171277 0.425246 -0.411507
3.8 0.17002 0.426494 -0.410317
3.81 0.168771 0.427728 -0.409098
3.82 0.16753 0.428949 -0.40785
3.83 0.166297 0.430158 -0.406573
3.84 0.165073 0.431354 -0.405267
3.85 0.163856 0.432538 -0.403933
3.86 0.162647 0.433708 -0.402571
3.87 0.161445 0.434866 -0.40118
3.88 0.160252 0.436011 -0.399761
3.89 0.159066 0.437144 -0.398314
3.9 0.157888 0.438264 -0.39684
3.91 0.156718 0.439371 -0.395338
3.92 0.155555 0.440466 -0.393808
3.93 0.1544 0.441548 -0.392251
3.94 0.153253 0.442618 -0.390668
3.95 0.152113 0.443675 -0.389057
3.96 0.150981 0.44472 -0.387419
3.97 0.149856 0.445753 -0.385754
3.98 0.148738 0.446773 -0.384064
3.99 0.147628 0.44778 -0.382346
4 0.146526 0.448776 -0.380603
4.01 0.14543 0.449759 -0.378834
4.02 0.144342 0.450729 -0.377039
4.03 0.143261 0.451688 -0.375218
4.04 0.142188 0.452634 -0.373371
4.05 0.141121 0.453568 -0.3715
4.06 0.140062 0.45449 -0.369603
4.07 0.13901 0.4554 -0.367681
4.08 0.137965 0.456297 -0.365735
4.09 0.136927 0.457183 -0.363764
4.1 0.135896 0.458056 -0.361768
4.11 0.134872 0.458918 -0.359748
4.12 0.133854 0.459767 -0.357704
4.13 0.132844 0.460605 -0.355637
4.14 0.131841 0.461431 -0.353545
4.15 0.130844 0.462244 -0.35143
4.16 0.129854 0.463046 -0.349292
4.17 0.128871 0.463836 -0.34713
4.18 0.127895 0.464615 -0.344945
4.19 0.126925 0.465381 -0.342738
4.2 0.125962 0.466136 -0.340508
4.21 0.125005 0.466879 -0.338255
4.22 0.124055 0.467611 -0.335981
4.23 0.123112 0.468331 -0.333684
4.24 0.122175 0.469039 -0.331365
4.25 0.121244 0.469736 -0.329025
4.26 0.12032 0.470421 -0.326663
4.27 0.119403 0.471095 -0.32428
4.28 0.118491 0.471758 -0.321875
4.29 0.117586 0.472409 -0.31945
4.3 0.116688 0.473048 -0.317004
4.31 0.115795 0.473677 -0.314538
4.32 0.114909 0.474294 -0.312051
4.33 0.114029 0.474899 -0.309544
4.34 0.113155 0.475494 -0.307017
4.35 0.112287 0.476077 -0.30447
4.36 0.111425 0.476649 -0.301904
4.37 0.110569 0.477211 -0.299318
4.38 0.109719 0.477761 -0.296713
4.39 0.108876 0.4783 -0.294089
4.4 0.108038 0.478828 -0.291447
4.41 0.107206 0.479345 -0.288786
4.42 0.106379 0.479851 -0.286106
4.43 0.105559 0.480346 -0.283408
4.44 0.104745 0.48083 -0.280693
4.45 0.103936 0.481304 -0.277959
4.46 0.103133 0.481767 -0.275208
4.47 0.102335 0.482219 -0.27244
4.48 0.101544 0.48266 -0.269654
4.49 0.100758 0.483091 -0.266852
4.5 0.0999771 0.483511 -0.264032
4.51 0.0992021 0.48392 -0.261196
4.52 0.0984327 0.484319 -0.258344
4.53 0.0976687 0.484708 -0.255476
4.54 0.0969102 0.485085 -0.252591
4.55 0.0961571 0.485453 -0.249691
4.56 0.0954095 0.48581 -0.246776
4.57 0.0946671 0.486157 -0.243845
4.58 0.0939301 0.486494 -0.240899
4.59 0.0931984 0.48682 -0.237938
4.6 0.092472 0.487136 -0.234962
4.61 0.0917507 0.487442 -0.231972
4.62 0.0910347 0.487737 -0.228967
4.63 0.0903238 0.488023 -0.225948
4.64 0.0896181 0.488298 -0.222916
4.65 0.0889174 0.488564 -0.21987
4.66 0.0882219 0.488819 -0.21681
4.67 0.0875313 0.489065 -0.213737
4.68 0.0868458 0.4893 -0.210651
4.69 0.0861652 0.489526 -0.207552
4.7 0.0854896 0.489742 -0.204441
4.71 0.0848189 0.489948 -0.201317
4.72 0.0841531 0.490144 -0.19818
4.73 0.0834921 0.490331 -0.195032
4.74 0.0828359 0.490508 -0.191872
4.75 0.0821845 0.490675 -0.1887
4.76 0.0815379 0.490833 -0.185517
4.77 0.080896 0.490981 -0.182323
4.78 0.0802588 0.49112 -0.179118
4.79 0.0796263 0.491249 -0.175902
4.8 0.0789984 0.491369 -0.172675
4.81 0.0783752 0.49148 -0.169439
4.82 0.0777565 0.491581 -0.166191
4.83 0.0771423 0.491672 -0.162935
4.84 0.0765327 0.491755 -0.159668
4.85 0.0759275 0.491828 -0.156392
4.86 0.0753269 0.491892 -0.153106
4.87 0.0747306 0.491947 -0.149811
4.88 0.0741388 0.491993 -0.146508
4.89 0.0735513 0.49203 -0.143196
4.9 0.0729682 0.492058 -0.139875
4.91 0.0723894 0.492076 -0.136546
4.92 0.0718149 0.492086 -0.133209
4.93 0.0712446 0.492087 -0.129864
4.94 0.0706786 0.492079 -0.126512
4.95 0.0701168 0.492062 -0.123152
4.96 0.0695592 0.492037 -0.119785
4.97 0.0690057 0.492002 -0.116411
4.98 0.0684563 0.49196 -0.11303
4.99 0.0679111 0.491908 -0.109642
5 0.0673699 0.491848 -0.106248
5.01 0.0668327 0.491779 -0.102848
5.02 0.0662996 0.491701 -0.0994417
5.03 0.0657704 0.491616 -0.0960297
5.04 0.0652453 0.491521 -0.0926122
5.05 0.064724 0.491418 -0.0891893
5.06 0.0642067 0.491307 -0.0857612
5.07 0.0636932 0.491188 -0.0823282
5.08 0.0631836 0.49106 -0.0788905
5.09 0.0626778 0.490924 -0.0754482
5.1 0.0621759 0.49078 -0.0720015
5.11 0.0616777 0.490628 -0.0685507
5.12 0.0611833 0.490467 -0.065096
5.13 0.0606926 0.490298 -0.0616375
5.14 0.0602056 0.490122 -0.0581755
5.15 0.0597222 0.489937 -0.0547102
5.16 0.0592426 0.489744 -0.0512417
5.17 0.0587665 0.489544 -0.0477704
5.18 0.0582941 0.489335 -0.0442963
5.19 0.0578252 0.489119 -0.0408196
5.2 0.0573599 0.488895 -0.0373407
5.21 0.0568981 0.488663 -0.0338597
5.22 0.0564399 0.488423 -0.0303767
5.23 0.0559851 0.488176 -0.026892
5.24 0.0555337 0.487921 -0.0234058
5.25 0.0550858 0.487658 -0.0199183
5.26 0.0546413 0.487388 -0.0164296
5.27 0.0542002 0.48711 -0.01294
5.28 0.0537625 0.486825 -0.00944971
5.29 0.0533281 0.486533 -0.00595887
5.3 0.052897 0.486232 -0.0024677
5.31 0.0524692 0.485925 0.00102361
5.32 0.0520447 0.48561 0.00451487
5.33 0.0516234 0.485288 0.00800587
5.34 0.0512054 0.484959 0.0114964
5.35 0.0507905 0.484622 0.0149863
5.36 0.0503789 0.484278 0.0184754
5.37 0.0499704 0.483927 0.0219635
5.38 0.049565 0.483569 0.0254503
5.39 0.0491627 0.483204 0.0289357
5.4 0.0487636 0.482832 0.0324195
5.41 0.0483675 0.482453 0.0359016
5.42 0.0479744 0.482067 0.0393816
5.43 0.0475844 0.481674 0.0428595
5.44 0.0471974 0.481274 0.046335
5.45 0.0468134 0.480867 0.0498079
5.46 0.0464323 0.480454 0.0532782
5.47 0.0460542 0.480034 0.0567454
5.48 0.045679 0.479607 0.0602096
5.49 0.0453067 0.479173 0.0636705
5.5 0.0449373 0.478733 0.0671279
5.51 0.0445707 0.478286 0.0705816
5.52 0.044207 0.477832 0.0740315
5.53 0.0438461 0.477372 0.0774773
5.54 0.043488 0.476906 0.080919
5.55 0.0431326 0.476433 0.0843562
5.56 0.0427801 0.475954 0.0877888
5.57 0.0424302 0.475468 0.0912167
5.58 0.0420831 0.474976 0.0946396
5.59 0.0417387 0.474477 0.0980574
5.6 0.041397 0.473973 0.10147
5.61 0.0410579 0.473462 0.104877
5.62 0.0407215 0.472945 0.108278
5.63 0.0403877 0.472421 0.111674
5.64 0.0400565 0.471892 0.115063
5.65 0.0397279 0.471356 0.118447
5.66 0.0394018 0.470815 0.121824
5.67 0.0390783 0.470267 0.125194
5.68 0.0387574 0.469714 0.128558
5.69 0.0384389 0.469154 0.131915
5.7 0.0381229 0.468589 0.135265
5.71 0.0378094 0.468018 0.138607
5.72 0.0374984 0.467441 0.141942
5.73 0.0371898 0.466858 0.14527
5.74 0.0368836 0.466269 0.14859
5.75 0.0365799 0.465675 0.151902
5.76 0.0362785 0.465075 0.155206
5.77 0.0359795 0.464469 0.158502
5.78 0.0356828 0.463858 0.161789
5.79 0.0353885 0.463241 0.165068
5.8 0.0350964 0.462618 0.168338
5.81 0.0348067 0.46199 0.171599
5.82 0.0345193 0.461357 0.174851
5.83 0.0342341 0.460718 0.178094
5.84 0.0339512 0.460073 0.181328
5.85 0.0336705 0.459424 0.184552
5.86 0.033392 0.458769 0.187766
5.87 0.0331157 0.458108 0.190971
5.88 0.0328416 0.457443 0.194165
5.89 0.0325697 0.456772 0.19735
5.9 0.0322999 0.456096 0.200524
5.91 0.0320323 0.455415 0.203687
5.92 0.0317668 0.454728 0.20684
5.93 0.0315034 0.454037 0.209983
5.94 0.031242 0.45334 0.213114
5.95 0.0309828 0.452639 0.216234
5.96 0.0307256 0.451932 0.219343
5.97 0.0304704 0.45122 0.222441
5.98 0.0302173 0.450504 0.225527
5.99 0.0299662 0.449782 0.228601
6 0.0297171 0.449056 0.231664
6.01 0.0294699 0.448325 0.234715
6.02 0.0292247 0.447589 0.237753
6.03 0.0289815 0.446849 0.24078
6.04 0.0287402 0.446103 0.243794
6.05 0.0285008 0.445353 0.246795
6.06 0.0282634 0.444598 0.249784
6.07 0.0280278 0.443839 0.25276
6.08 0.0277941 0.443075 0.255723
6.09 0.0275623 0.442306 0.258672
6.1 0.0273323 0.441533 0.261609
6.11 0.0271042 0.440755 0.264532
6.12 0.0268779 0.439973 0.267442
6.13 0.0266534 0.439186 0.270338
6.14 0.0264307 0.438395 0.273221
6.15 0.0262098 0.4376 0.276089
6.16 0.0259906 0.4368 0.278944
6.17 0.0257732 0.435996 0.281784
6.18 0.0255575 0.435187 0.28461
6.19 0.0253436 0.434375 0.287422
6.2 0.0251314 0.433558 0.290219
6.21 0.0249209 0.432737 0.293001
6.22 0.0247121 0.431911 0.295769
6.23 0.0245049 0.431082 0.298522
6.24 0.0242994 0.430248 0.301259
6.25 0.0240956 0.429411 0.303982
6.26 0.0238934 0.428569 0.306689
6.27 0.0236929 0.427723 0.309381
6.28 0.0234939 0.426874 0.312057
6.29 0.0232965 0.42602 0.314718
6.3 0.0231008 0.425162 0.317363
6.31 0.0229066 0.424301 0.319992
6.32 0.022714 0.423435 0.322605
6.33 0.0225229 0.422566 0.325202
6.34 0.0223334 0.421693 0.327782
6.35 0.0221454 0.420816 0.330347
6.36 0.0219589 0.419936 0.332895
6.37 0.0217739 0.419051 0.335426
6.38 0.0215904 0.418163 0.337941
6.39 0.0214084 0.417272 0.340439
6.4 0.0212279 0.416376 0.34292
6.41 0.0210488 0.415477 0.345384
6.42 0.0208712 0.414575 0.347831
6.43 0.020695 0.413669 0.35026
6.44 0.0205203 0.412759 0.352673
6.45 0.0203469 0.411846 0.355068
6.46 0.020175 0.410929 0.357445
6.47 0.0200044 0.410009 0.359805
6.48 0.0198353 0.409085 0.362148
6.49 0.0196675 0.408159 0.364472
6.5 0.019501 0.407228 0.366779
6.51 0.0193359 0.406295 0.369067
6.52 0.0191722 0.405358 0.371338
6.53 0.0190098 0.404417 0.37359
6.54 0.0188487 0.403474 0.375824
6.55 0.0186889 0.402527 0.37804
6.56 0.0185304 0.401577 0.380237
6.57 0.0183732 0.400624 0.382416
6.58 0.0182173 0.399668 0.384576
6.59 0.0180626 0.398708 0.386717
6.6 0.0179092 0.397746 0.388839
6.61 0.017757 0.39678 0.390943
6.62 0.0176061 0.395812 0.393028
6.63 0.0174564 0.39484 0.395093
6.64 0.017308 0.393865 0.39714
6.65 0.0171607 0.392888 0.399167
6.66 0.0170147 0.391907 0.401175
6.67 0.0168698 0.390923 0.403163
6.68 0.0167261 0.389937 0.405132
6.69 0.0165836 0.388948 0.407082
6.7 0.0164423 0.387955 0.409012
6.71 0.0163021 0.38696 0.410922
6.72 0.016163 0.385963 0.412812
6.73 0.0160251 0.384962 0.414683
6.74 0.0158883 0.383959 0.416534
6.75 0.0157526 0.382953 0.418364
6.76 0.0156181 0.381944 0.420175
6.77 0.0154846 0.380932 0.421966
6.78 0.0153522 0.379918 0.423736
6.79 0.0152209 0.378902 0.425486
6.8 0.0150907 0.377882 0.427216
6.81 0.0149615 0.37686 0.428926
6.82 0.0148335 0.375836 0.430615
6.83 0.0147064 0.374809 0.432283
6.84 0.0145804 0.373779 0.433931
6.85 0.0144554 0.372747 0.435558
6.86 0.0143315 0.371712 0.437165
6.87 0.0142085 0.370675 0.438751
6.88 0.0140866 0.369636 0.440316
6.89 0.0139657 0.368594 0.44186
6.9 0.0138457 0.36755 0.443384
6.91 0.0137268 0.366503 0.444886
6.92 0.0136088 0.365454 0.446368
6.93 0.0134918 0.364403 0.447828
6.94 0.0133757 0.36335 0.449267
6.95 0.0132606 0.362294 0.450685
6.96 0.0131464 0.361236 0.452082
6.97 0.0130332 0.360175 0.453458
6.98 0.0129209 0.359113 0.454812
6.99 0.0128096 0.358048 0.456145
7 0.0126991 0.356981 0.457456
7.01 0.0125896 0.355912 0.458747
7.02 0.0124809 0.354841 0.460015
7.03 0.0123731 0.353768 0.461262
7.04 0.0122663 0.352693 0.462488
7.05 0.0121603 0.351615 0.463692
7.06 0.0120552 0.350536 0.464874
7.07 0.0119509 0.349455 0.466035
7.08 0.0118475 0.348371 0.467174
7.09 0.0117449 0.347286 0.468291
7.1 0.0116432 0.346198 0.469386
7.11 0.0115424 0.345109 0.47046
7.12 0.0114423 0.344018 0.471512
7.13 0.0113431 0.342925 0.472542
7.14 0.0112447 0.34183 0.47355
7.15 0.0111471 0.340733 0.474536
7.16 0.0110503 0.339634 0.4755
7.17 0.0109543 0.338533 0.476442
7.18 0.0108591 0.337431 0.477363
7.19 0.0107647 0.336327 0.478261
7.2 0.010671 0.335221 0.479137
7.21 0.0105782 0.334113 0.479991
7.22 0.0104861 0.333004 0.480823
7.23 0.0103947 0.331893 0.481633
7.24 0.0103041 0.33078 0.482421
7.25 0.0102143 0.329665 0.483186
7.26 0.0101251 0.328549 0.48393
7.27 0.0100368 0.327431 0.484651
7.28 0.00994911 0.326312 0.48535
7.29 0.00986218 0.325191 0.486027
7.3 0.00977596 0.324069 0.486681
7.31 0.00969045 0.322944 0.487314
7.32 0.00960565 0.321819 0.487924
7.33 0.00952155 0.320691 0.488512
7.34 0.00943813 0.319563 0.489077
7.35 0.00935541 0.318432 0.489621
7.36 0.00927336 0.317301 0.490142
7.37 0.009192 0.316168 0.490641
7.38 0.0091113 0.315033 0.491117
7.39 0.00903126 0.313897 0.491571
7.4 0.00895188 0.312759 0.492003
7.41 0.00887316 0.31162 0.492413
7.42 0.00879508 0.31048 0.4928
7.43 0.00871765 0.309339 0.493165
7.44 0.00864085 0.308196 0.493508
7.45 0.00856469 0.307051 0.493828
7.46 0.00848915 0.305906 0.494127
7.47 0.00841424 0.304759 0.494403
7.48 0.00833994 0.303611 0.494656
7.49 0.00826625 0.302461 0.494888
7.5 0.00819316 0.30131 0.495097
7.51 0.00812068 0.300158 0.495283
7.52 0.00804879 0.299005 0.495448
7.53 0.0079775 0.297851 0.49559
7.54 0.00790679 0.296695 0.495711
7.55 0.00783666 0.295539 0.495808
7.56 0.0077671 0.294381 0.495884
7.57 0.00769812 0.293222 0.495938
7.58 0.00762971 0.292061 0.495969
7.59 0.00756185 0.2909 0.495978
7.6 0.00749455 0.289738 0.495965
7.61 0.00742781 0.288574 0.49593
7.62 0.00736161 0.28741 0.495873
7.63 0.00729596 0.286244 0.495794
7.64 0.00723084 0.285077 0.495693
7.65 0.00716626 0.28391 0.495569
7.66 0.00710221 0.282741 0.495424
7.67 0.00703868 0.281571 0.495257
7.68 0.00697567 0.2804 0.495067
7.69 0.00691318 0.279229 0.494856
7.7 0.0068512 0.278056 0.494623
7.71 0.00678972 0.276882 0.494368
7.72 0.00672875 0.275708 0.494091
7.73 0.00666828 0.274532 0.493792
7.74 0.0066083 0.273356 0.493471
7.75 0.00654881 0.272179 0.493129
7.76 0.00648981 0.271001 0.492765
7.77 0.00643129 0.269822 0.492379
7.78 0.00637325 0.268642 0.491972
7.79 0.00631568 0.267461 0.491543
7.8 0.00625858 0.266279 0.491092
7.81 0.00620195 0.265097 0.49062
7.82 0.00614577 0.263914 0.490126
7.83 0.00609006 0.26273 0.48961
7.84 0.0060348 0.261545 0.489074
7.85 0.00597998 0.26036 0.488515
7.86 0.00592562 0.259173 0.487936
7.87 0.00587169 0.257986 0.487335
7.88 0.0058182 0.256798 0.486713
7.89 0.00576515 0.25561 0.486069
7.9 0.00571253 0.254421 0.485404
7.91 0.00566033 0.253231 0.484719
7.92 0.00560856 0.25204 0.484012
7.93 0.0055572 0.250849 0.483284
7.94 0.00550626 0.249657 0.482535
7.95 0.00545574 0.248464 0.481765
7.96 0.00540562 0.247271 0.480974
7.97 0.0053559 0.246077 0.480162
7.98 0.00530659 0.244883 0.479329
7.99 0.00525768 0.243688 0.478476
8 0.00520916 0.242492 0.477601
8.01 0.00516103 0.241296 0.476707
8.02 0.00511328 0.240099 0.475791
8.03 0.00506592 0.238901 0.474855
8.04 0.00501895 0.237703 0.473899
8.05 0.00497234 0.236505 0.472922
8.06 0.00492612 0.235305 0.471924
8.07 0.00488026 0.234106 0.470906
8.08 0.00483477 0.232906 0.469868
8.09 0.00478964 0.231705 0.46881
8.1 0.00474488 0.230504 0.467732
8.11 0.00470047 0.229302 0.466633
8.12 0.00465641 0.2281 0.465515
8.13 0.00461271 0.226897 0.464376
8.14 0.00456935 0.225694 0.463218
8.15 0.00452634 0.224491 0.46204
8.16 0.00448367 0.223287 0.460841
8.17 0.00444134 0.222082 0.459624
8.18 0.00439934 0.220877 0.458386
8.19 0.00435768 0.219672 0.457129
8.2 0.00431635 0.218466 0.455853
8.21 0.00427534 0.21726 0.454557
8.22 0.00423465 0.216054 0.453241
8.23 0.00419429 0.214847 0.451907
8.24 0.00415424 0.21364 0.450553
8.25 0.00411451 0.212432 0.449179
8.26 0.00407509 0.211224 0.447787
8.27 0.00403598 0.210016 0.446376
8.28 0.00399717 0.208807 0.444946
8.29 0.00395867 0.207598 0.443497
8.3 0.00392047 0.206389 0.442029
8.31 0.00388256 0.20518 0.440542
8.32 0.00384496 0.20397 0.439037
8.33 0.00380764 0.202759 0.437513
8.34 0.00377061 0.201549 0.435971
8.35 0.00373387 0.200338 0.43441
8.36 0.00369741 0.199127 0.432831
8.37 0.00366123 0.197916 0.431233
8.38 0.00362534 0.196704 0.429618
8.39 0.00358971 0.195492 0.427984
8.4 0.00355437 0.19428 0.426332
8.41 0.00351929 0.193068 0.424662
8.42 0.00348448 0.191855 0.422975
8.43 0.00344994 0.190642 0.421269
8.44 0.00341565 0.189429 0.419546
8.45 0.00338164 0.188216 0.417806
8.46 0.00334787 0.187003 0.416048
8.47 0.00331437 0.185789 0.414272
8.48 0.00328111 0.184575 0.412479
8.49 0.00324811 0.183361 0.410669
8.5 0.00321536 0.182147 0.408841
8.51 0.00318285 0.180932 0.406997
8.52 0.00315059 0.179718 0.405135
8.53 0.00311856 0.178503 0.403257
8.54 0.00308678 0.177288 0.401361
8.55 0.00305523 0.176073 0.399449
8.56 0.00302391 0.174858 0.397521
8.57 0.00299283 0.173642 0.395576
8.58 0.00296198 0.172427 0.393614
8.59 0.00293135 0.171211 0.391636
8.6 0.00290095 0.169996 0.389641
8.61 0.00287077 0.16878 0.387631
8.62 0.00284081 0.167564 0.385604
8.63 0.00281107 0.166348 0.383562
8.64 0.00278155 0.165132 0.381503
8.65 0.00275224 0.163915 0.379429
8.66 0.00272314 0.162699 0.377339
8.67 0.00269425 0.161482 0.375233
8.68 0.00266557 0.160266 0.373112
8.69 0.00263709 0.159049 0.370975
8.7 0.00260882 0.157833 0.368824
8.71 0.00258075 0.156616 0.366656
8.72 0.00255287 0.155399 0.364474
8.73 0.00252519 0.154182 0.362277
8.74 0.00249771 0.152965 0.360065
8.75 0.00247042 0.151748 0.357838
8.76 0.00244332 0.150531 0.355596
8.77 0.00241641 0.149314 0.35334
8.78 0.00238968 0.148097 0.351069
8.79 0.00236314 0.14688 0.348783
8.8 0.00233679 0.145663 0.346484
8.81 0.00231061 0.144446 0.34417
8.82 0.00228461 0.143229 0.341842
8.83 0.00225879 0.142011 0.3395
8.84 0.00223314 0.140794 0.337144
8.85 0.00220767 0.139577 0.334775
8.86 0.00218237 0.13836 0.332391
8.87 0.00215723 0.137142 0.329994
8.88 0.00213226 0.135925 0.327584
8.89 0.00210746 0.134708 0.32516
8.9 0.00208282 0.133491 0.322723
8.91 0.00205835 0.132273 0.320273
8.92 0.00203403 0.131056 0.31781
8.93 0.00200987 0.129839 0.315334
8.94 0.00198587 0.128622 0.312845
8.95 0.00196202 0.127405 0.310343
8.96 0.00193832 0.126188 0.307829
8.97 0.00191477 0.124971 0.305302
8.98 0.00189137 0.123753 0.302763
8.99 0.00186812 0.122536 0.300212
9 0.00184502 0.12132 0.297648
9.01 0.00182205 0.120103 0.295072
9.02 0.00179923 0.118886 0.292485
9.03 0.00177655 0.117669 0.289885
9.04 0.00175401 0.116452 0.287274
9.05 0.0017316 0.115235 0.284651
9.06 0.00170933 0.114019 0.282017
9.07 0.0016872 0.112802 0.279371
9.08 0.00166519 0.111585 0.276714
9.09 0.00164331 0.110369 0.274046
9.1 0.00162157 0.109152 0.271367
9.11 0.00159995 0.107936 0.268677
9.12 0.00157845 0.10672 0.265976
9.13 0.00155708 0.105503 0.263265
9.14 0.00153582 0.104287 0.260543
9.15 0.00151469 0.103071 0.25781
9.16 0.00149368 0.101855 0.255067
9.17 0.00147278 0.100639 0.252314
9.18 0.001452 0.0994232 0.249551
9.19 0.00143133 0.0982074 0.246777
9.2 0.00141078 0.0969917 0.243994
9.21 0.00139033 0.095776 0.241201
9.22 0.00136999 0.0945604 0.238399
9.23 0.00134976 0.0933449 0.235586
9.24 0.00132964 0.0921295 0.232765
9.25 0.00130962 0.0909142 0.229934
9.26 0.0012897 0.089699 0.227094
9.27 0.00126989 0.0884838 0.224245
9.28 0.00125017 0.0872687 0.221387
9.29 0.00123055 0.0860537 0.21852
9.3 0.00121103 0.0848388 0.215645
9.31 0.00119161 0.083624 0.212761
9.32 0.00117227 0.0824093 0.209868
9.33 0.00115303 0.0811947 0.206967
9.34 0.00113388 0.0799802 0.204058
9.35 0.00111482 0.0787657 0.201141
9.36 0.00109585 0.0775514 0.198216
9.37 0.00107696 0.0763371 0.195283
9.38 0.00105816 0.075123 0.192342
9.39 0.00103944 0.0739089 0.189393
9.4 0.0010208 0.0726949 0.186437
9.41 0.00100224 0.071481 0.183474
9.42 0.000983763 0.0702672 0.180504
9.43 0.000965362 0.0690536 0.177526
9.44 0.000947036 0.06784 0.174541
9.45 0.000928786 0.0666264 0.17155
9.46 0.00091061 0.065413 0.168551
9.47 0.000892505 0.0641997 0.165546
9.48 0.00087447 0.0629865 0.162535
9.49 0.000856504 0.0617733 0.159517
9.5 0.000838606 0.0605603 0.156493
9.51 0.000820774 0.0593473 0.153462
9.52 0.000803007 0.0581345 0.150426
9.53 0.000785303 0.0569217 0.147384
9.54 0.000767661 0.055709 0.144335
9.55 0.00075008 0.0544964 0.141282
9.56 0.000732558 0.0532839 0.138222
9.57 0.000715093 0.0520715 0.135158
9.58 0.000697686 0.0508591 0.132088
9.59 0.000680335 0.0496469 0.129013
9.6 0.000663036 0.0484347 0.125932
9.61 0.000645791 0.0472226 0.122847
9.62 0.000628596 0.0460107 0.119757
9.63 0.000611452 0.0447987 0.116663
9.64 0.000594355 0.0435869 0.113563
9.65 0.000577306 0.0423751 0.11046
9.66 0.000560302 0.0411635 0.107352
9.67 0.000543343 0.0399519 0.10424
9.68 0.000526427 0.0387403 0.101124
9.69 0.000509553 0.0375289 0.0980034
9.7 0.000492719 0.0363175 0.0948794
9.71 0.000475924 0.0351062 0.0917518
9.72 0.000459168 0.0338949 0.0886206
9.73 0.000442447 0.0326838 0.085486
9.74 0.000425762 0.0314727 0.082348
9.75 0.00040911 0.0302616 0.0792069
9.76 0.000392491 0.0290506 0.0760626
9.77 0.000375904 0.0278397 0.0729155
9.78 0.000359346 0.0266288 0.0697655
9.79 0.000342817 0.025418 0.0666128
9.8 0.000326315 0.0242073 0.0634575
9.81 0.000309839 0.0229966 0.0602997
9.82 0.000293388 0.0217859 0.0571397
9.83 0.00027696 0.0205753 0.0539774
9.84 0.000260555 0.0193648 0.050813
9.85 0.000244169 0.0181542 0.0476467
9.86 0.000227804 0.0169438 0.0444785
9.87 0.000211456 0.0157333 0.0413087
9.88 0.000195125 0.0145229 0.0381372
9.89 0.00017881 0.0133126 0.0349642
9.9 0.000162509 0.0121022 0.03179
9.91 0.000146221 0.0108919 0.0286144
9.92 0.000129945 0.00968165 0.0254378
9.93 0.000113679 0.00847139 0.0222602
9.94 9.74224e-05 0.00726115 0.0190818
9.95 8.11737e-05 0.00605093 0.0159026
9.96 6.4931e-05 0.00484073 0.0127228
9.97 4.86939e-05 0.00363054 0.00954254
9.98 3.24601e-05 0.00242035 0.0063619
9.99 1.62293e-05 0.00121017 0.00318101
