1e-09 1e-09 1e-09
0.0202373 0.0198278 0.0198319
0.0365742 0.0352479 0.0352607
0.0522027 0.0495257 0.0495475
0.0671766 0.0627815 0.0628122
0.0816408 0.0752011 0.0752404
0.0957214 0.086936 0.0869837
0.109512 0.098097 0.0981528
0.123081 0.108763 0.108827
0.136474 0.118992 0.119064
0.149724 0.128825 0.128904
0.162855 0.138294 0.13838
0.175883 0.147423 0.147516
0.188822 0.156232 0.156332
0.20168 0.164738 0.164845
0.214466 0.172955 0.173068
0.227185 0.180895 0.181015
0.239843 0.188571 0.188697
0.252444 0.195992 0.196124
0.264992 0.203168 0.203305
0.277493 0.210108 0.210251
0.289948 0.21682 0.216969
0.302364 0.223313 0.223468
0.314742 0.229595 0.229755
0.327088 0.235672 0.235837
0.339404 0.241552 0.241722
0.351696 0.247242 0.247416
0.363966 0.252746 0.252925
0.376219 0.258073 0.258256
0.38846 0.263227 0.263415
0.400691 0.268213 0.268406
0.412918 0.273038 0.273235
0.425146 0.277706 0.277907
0.437378 0.282222 0.282427
0.449619 0.286591 0.286799
0.461874 0.290816 0.291028
0.474149 0.294902 0.295117
0.486448 0.298852 0.299071
0.498776 0.302671 0.302894
0.511139 0.306361 0.306587
0.523542 0.309927 0.310156
0.53599 0.31337 0.313602
0.548489 0.316694 0.316929
0.561046 0.319901 0.320139
0.573665 0.322994 0.323235
0.586353 0.325975 0.326219
0.599116 0.328846 0.329093
0.61196 0.331609 0.331858
0.624892 0.334265 0.334517
0.637918 0.336816 0.33707
0.651045 0.339264 0.33952
0.66428 0.341609 0.341868
0.677629 0.343852 0.344113
0.6911 0.345995 0.346258
0.7047 0.348038 0.348303
0.718436 0.349981 0.350248
0.732315 0.351824 0.352093
0.746347 0.353569 0.35384
0.760538 0.355214 0.355487
0.774896 0.356761 0.357035
0.78943 0.358207 0.358483
0.804147 0.359554 0.359831
0.819058 0.360801 0.361079
0.83417 0.361946 0.362226
0.849492 0.362989 0.36327
0.865035 0.363929 0.364212
0.880806 0.364766 0.365049
0.896817 0.365497 0.365781
0.913078 0.366121 0.366406
0.929598 0.366638 0.366924
0.946389 0.367045 0.367331
0.963462 0.36734 0.367628
0.980828 0.367523 0.367811
0.998499 0.367591 0.367879
1.01649 0.367541 0.36783
1.03481 0.367373 0.367662
1.05347 0.367083 0.367372
1.07249 0.366669 0.366958
1.09189 0.366129 0.366418
1.11167 0.36546 0.365749
1.13186 0.36466 0.364949
1.15247 0.363726 0.364014
1.17351 0.362654 0.362942
1.19502 0.361443 0.36173
1.217 0.360088 0.360375
1.23947 0.358587 0.358873
1.26247 0.356936 0.357221
1.28601 0.355132 0.355416
1.31012 0.353172 0.353454
1.33482 0.351051 0.351332
1.36015 0.348765 0.349045
1.38613 0.346312 0.34659
1.41279 0.343686 0.343962
1.44017 0.340884 0.341158
1.46832 0.3379 0.338172
1.49726 0.334731 0.335001
1.52704 0.331372 0.331639
1.55772 0.327816 0.32808
1.58934 0.32406 0.324321
1.62196 0.320097 0.320355
1.65565 0.315922 0.316176
1.69047 0.311528 0.311778
1.7265 0.306908 0.307154
1.76383 0.302056 0.302298
1.80255 0.296963 0.297201
1.84276 0.291623 0.291856
1.88458 0.286026 0.286254
1.92815 0.280164 0.280386
1.9736 0.274027 0.274243
2.0211 0.267605 0.267815
2.07084 0.260888 0.261091
2.12301 0.253867 0.254063
2.17783 0.246533 0.246721
2.23552 0.23888 0.239059
2.29631 0.230906 0.231077
2.3604 0.22262 0.22278
2.42794 0.214039 0.214189
2.49895 0.205204 0.205342
2.57325 0.196181 0.196306
2.65042 0.187066 0.187177
2.72977 0.177979 0.178075
2.81037 0.169055 0.169135
2.89126 0.160419 0.160483
2.97152 0.15217 0.152217
3.05046 0.14437 0.1444
3.1276 0.137046 0.13706
3.20271 0.1302 0.130197
3.27569 0.123811 0.123791
3.34658 0.11785 0.117815
3.41548 0.112286 0.112234
3.48253 0.107084 0.107016
3.54788 0.102211 0.102128
3.61167 0.0976375 0.0975396
3.67403 0.0933375 0.0932246
3.73511 0.0892868 0.0891589
3.79502 0.0854644 0.0853215
3.85385 0.0818515 0.0816938
3.9117 0.0784317 0.078259
3.96866 0.0751903 0.0750027
4.02479 0.0721143 0.0719117
4.08015 0.0691921 0.0689744
4.13482 0.0664133 0.0661803
4.18882 0.0637684 0.06352
4.24222 0.0612489 0.0609849
4.29504 0.0588471 0.0585673
4.34733 0.056556 0.0562601
4.39913 0.0543691 0.0540568
4.45045 0.0522804 0.0519515
4.50133 0.0502846 0.0499388
4.5518 0.0483766 0.0480135
4.60187 0.0465518 0.046171
4.65156 0.0448058 0.0444069
4.70091 0.0431346 0.0427172
4.74992 0.0415345 0.0410982
4.79861 0.040002 0.0395463
4.847 0.0385338 0.0380582
4.8951 0.0371268 0.0366308
4.94293 0.0357783 0.0352613
4.99049 0.0344855 0.0339469
5.03781 0.0332458 0.0326851
5.08489 0.0320569 0.0314734
5.13173 0.0309165 0.0303096
5.17837 0.0298226 0.0291915
5.22479 0.0287731 0.0281171
5.27102 0.0277661 0.0270845
5.31705 0.0267998 0.0260919
5.3629 0.0258726 0.0251374
5.40858 0.0249828 0.0242196
5.45409 0.024129 0.0233367
5.49944 0.0233096 0.0224875
5.54464 0.0225233 0.0216704
5.58969 0.0217689 0.0208841
5.63461 0.021045 0.0201273
5.67938 0.0203506 0.0193989
5.72403 0.0196845 0.0186976
5.76856 0.0190456 0.0180225
5.81297 0.018433 0.0173723
5.85727 0.0178456 0.0167462
5.90146 0.0172827 0.0161431
5.94555 0.0167433 0.0155623
5.98954 0.0162266 0.0150027
6.03344 0.0157318 0.0144635
6.07726 0.0152582 0.013944
6.12099 0.0148051 0.0134434
6.16464 0.0143719 0.012961
6.20822 0.0139578 0.012496
6.25173 0.0135623 0.0120478
6.29518 0.0131848 0.0116158
6.33856 0.0128248 0.0111993
6.38188 0.0124818 0.0107977
6.42515 0.0121552 0.0104106
6.46837 0.0118447 0.0100373
6.51155 0.0115498 0.00967732
6.55468 0.01127 0.0093302
6.59777 0.0110051 0.00899544
6.64082 0.0107546 0.00867259
6.68385 0.0105182 0.00836121
6.72684 0.0102956 0.00806088
6.7698 0.0100865 0.0077712
6.81274 0.00989058 0.00749178
6.85566 0.00970766 0.00722225
6.89856 0.00953749 0.00696227
6.94145 0.00937983 0.00671148
6.98431 0.00923451 0.00646956
7.02717 0.00910133 0.0062362
7.07001 0.00898015 0.0060111
7.11284 0.00887081 0.00579397
7.15566 0.00877319 0.00558453
7.19847 0.00868718 0.00538253
7.24126 0.00861268 0.00518769
7.28405 0.00854961 0.00499979
7.32682 0.00849791 0.00481859
7.36957 0.00845753 0.00464385
7.41231 0.00842841 0.00447537
7.45502 0.00841054 0.00431294
7.49772 0.0084039 0.00415635
7.54038 0.00840849 0.00400542
7.58301 0.0084243 0.00385995
7.62561 0.00845135 0.00371977
7.66816 0.00848967 0.00358469
7.71067 0.00853929 0.00345455
7.75312 0.00860026 0.00332918
7.79552 0.00867263 0.00320842
7.83786 0.00875646 0.00309212
7.88014 0.00885182 0.00298012
7.92234 0.00895879 0.00287227
7.96447 0.00907747 0.00276842
8 0.00918695 0.0026837
