100 -0.25 2 0.0146176
100.352 -0.3 2 0.0150211
100.704 -0.15 1.9 0.0154415
101.055 -1.71 1.9 0.0158798
101.407 0.81 1.9 0.016337
101.759 0.65 1.9 0.0168142
102.111 -0.91 1.9 0.0173127
102.462 0.91 1.9 0.0178336
102.814 0.96 1.6 0.0183783
103.166 -2.52 1.6 0.0189485
103.518 -1.01 1.6 0.0195455
103.869 2.01 1.6 0.0201712
104.221 4.83 1.6 0.0208273
104.573 4.58 1.6 0.021516
104.925 1.26 1.3 0.0222395
105.276 1.01 1.3 0.0229999
105.628 -1.26 1.3 0.0238001
105.98 0.45 1.3 0.0246427
106.332 0.15 1.3 0.0255307
106.683 -0.91 1.3 0.0264677
107.035 -0.81 1.1 0.0274571
107.387 -1.41 1.1 0.028503
107.739 1.36 1.1 0.0296097
108.09 0.5 1.1 0.0307821
108.442 -0.45 1.1 0.0320255
108.794 1.61 1.1 0.0333456
109.146 -2.21 1.1 0.034749
109.497 -1.86 0.9 0.0362427
109.849 1.76 0.9 0.0378347
110.201 -0.5 0.9 0.0395338
110.553 0 0 0.0413498
110.905 0 0 0.0432937
111.256 0 0 0.0453777
111.608 1.3488e-321 4.05578e-320 0.0476156
111.96 2 3.00665e-67 0.0500229
112.312 2 2.31901e-52 0.0526171
112.663 1.9 3.24251e-86 0.055418
113.015 1.9 5.05578e-38 0.0584482
113.367 1.9 1.25736e-71 0.0617332
113.719 1.9 3.30647e-318 0.0653025
114.07 1.9 0 0.0691898
114.422 1.9 0 0.0734337
114.774 1.6 0 0.0780792
115.126 1.6 0 0.0831784
115.477 1.6 0 0.0887923
115.829 1.6 0 0.0949921
116.181 1.6 0 0.101862
116.533 1.6 0 0.109502
116.884 1.3 0 0.11803
117.236 1.3 0 0.127591
117.588 1.3 0 0.138355
117.94 1.3 0 0.150532
118.291 1.3 0 0.16438
118.643 1.3 0 0.180217
118.995 1.1 0 0.19844
119.347 1.1 0 0.219547
119.698 1.1 0 0.244176
120.05 1.1 0 0.273146
120.402 1.1 0 0.307528
120.754 1.1 0 0.348737
121.106 1.1 0 0.398678
121.457 0.9 0 0.459949
121.809 0.9 0 0.536173
122.161 0.9 0 0.632493
122.513 0 0 0.756385
122.864 0 0 0.918977
123.216 0 0 1.13725
123.568 4.05578e-320 0 1.43778
123.92 6.03983e-154 0 1.86298
124.271 5.20366e-90 0 2.48083
124.623 3.64466e-86 0 3.396
124.975 2.81106e-77 0 4.74172
125.327 1.25736e-71 0 6.56251
125.678 3.30647e-318 0 8.4087
126.03 0 0 9.04773
126.382 0 0 7.86272
126.734 0 0 5.92078
127.085 0 0 4.24326
127.437 0 0 3.05347
127.789 0 0 2.25032
128.141 0 0 1.70555
128.492 0 0 1.32746
128.844 0 0 1.05778
129.196 0 0 0.860223
129.548 0 0 0.711917
129.899 0 0 0.598128
130.251 0 0 0.509122
130.603 0 0 0.438307
130.955 0 0 0.381112
131.307 0 0 0.334296
131.658 0 0 0.29552
132.01 0 0 0.263059
132.362 0 0 0.235623
132.714 0 0 0.212236
133.065 0 0 0.192142
133.417 0 0 0.174756
133.769 0 0 0.159614
134.121 0 0 0.146348
134.472 0 0 0.134662
134.824 0 0 0.124316
135.176 0 0 0.115113
135.528 0 0 0.106892
135.879 0 0 0.0995181
136.231 0 0 0.0928792
136.583 0 0 0.0868811
136.935 0 0 0.0814442
137.286 0 0 0.0765007
137.638 0 0 0.071993
137.99 0 0 0.0678713
138.342 0 0 0.0640928
138.693 0 0 0.0606207
139.045 0 0 0.0574227
139.397 0 0 0.0544707
139.749 0 0 0.0517403
140.101 0 0 0.0492097
140.452 0 0 0.0468601
140.804 0 0 0.0446746
141.156 0 0 0.0426382
141.508 0 0 0.0407378
141.859 0 0 0.0389614
142.211 0 0 0.0372987
142.563 0 0 0.0357399
142.915 0 0 0.0342768
143.266 0 0 0.0329017
143.618 0 0 0.0316075
143.97 0 0 0.0303882
144.322 0 0 0.029238
144.673 0 0 0.0281518
145.025 0 0 0.027125
145.377 0 0 0.0261533
145.729 0 0 0.0252328
146.08 0 0 0.0243601
146.432 0 0 0.0235318
146.784 0 0 0.0227451
147.136 0 0 0.0219971
147.487 0 0 0.0212853
147.839 0 0 0.0206076
148.191 0 0 0.0199617
148.543 0 0 0.0193456
148.894 0 0 0.0187577
149.246 0 0 0.0181961
149.598 0 0 0.0176593
149.95 0 0 0.017146
150.302 0 0 0.0166547
150.653 0 0 0.0161841
151.005 0 0 0.0157333
151.357 0 0 0.015301
151.709 0 0 0.0148863
152.06 0 0 0.0144882
152.412 0 0 0.0141058
152.764 0 0 0.0137384
153.116 0 0 0.0133852
153.467 0 0 0.0130454
153.819 0 0 0.0127183
154.171 0 0 0.0124034
154.523 0 0 0.0121001
154.874 0 0 0.0118077
155.226 0 0 0.0115258
155.578 0 0 0.0112539
155.93 0 0 0.0109915
156.281 0 0 0.0107382
156.633 0 0 0.0104935
156.985 0 0 0.010257
157.337 0 0 0.0100285
157.688 0 0 0.00980753
158.04 0 0 0.00959378
158.392 0 0 0.00938694
158.744 0 0 0.00918671
159.095 0 0 0.00899282
159.447 0 0 0.008805
159.799 0 0 0.008623
160.151 0 0 0.00844658
160.503 0 0 0.00827553
160.854 0 0 0.00810961
161.206 0 0 0.00794864
161.558 0 0 0.0077924
161.91 0 0 0.00764073
162.261 0 0 0.00749345
162.613 0 0 0.00735038
162.965 0 0 0.00721136
163.317 0 0 0.00707626
163.668 0 0 0.00694491
164.02 0 0 0.00681719
164.372 0 0 0.00669295
164.724 0 0 0.00657208
165.075 0 0 0.00645446
165.427 0 0 0.00633996
165.779 0 0 0.00622849
166.131 0 0 0.00611992
166.482 0 0 0.00601417
166.834 0 0 0.00591114
167.186 0 0 0.00581073
167.538 0 0 0.00571286
167.889 0 0 0.00561744
168.241 0 0 0.00552439
168.593 0 0 0.00543363
168.945 0 0 0.00534509
169.296 0 0 0.0052587
169.648 0 0 0.00517438
170 0 0 0.00509208
