1 102.03 102.556 101.504
1.07035 101.499 102.02 100.978
1.1407 100.969 101.485 100.453
1.21106 100.438 100.949 99.9268
1.28141 99.9074 100.414 99.4012
1.35176 99.3768 99.878 98.8756
1.42211 98.8462 99.3424 98.35
1.49246 98.3156 98.8069 97.8244
1.56281 97.785 98.2713 97.2988
1.63317 97.2544 97.7357 96.7731
1.70352 96.7238 97.2001 96.2475
1.77387 96.1933 96.6646 95.7219
1.84422 95.6627 96.129 95.1963
1.91457 95.1321 95.5935 94.6707
1.98492 94.6015 95.0579 94.1451
2.05528 94.0709 94.5223 93.6194
2.12563 93.5403 93.9867 93.0938
2.19598 93.0097 93.4512 92.5682
2.26633 92.4791 92.9156 92.0426
2.33668 91.9485 92.3801 91.517
2.40704 91.4179 91.8444 90.9913
2.47739 90.8873 91.3089 90.4657
2.54774 90.3567 90.7733 89.9401
2.61809 89.8261 90.2378 89.4145
2.68844 89.2955 89.7022 88.8889
2.75879 88.765 89.1667 88.3633
2.82915 88.2344 88.631 87.8376
2.8995 87.7038 88.0955 87.312
2.96985 87.1732 87.5599 86.7864
3.0402 86.6426 87.0244 86.2608
3.11055 86.112 86.4888 85.7352
3.1809 85.5814 85.9533 85.2096
3.25126 85.0508 85.4176 84.6839
3.32161 84.5202 84.8821 84.1583
3.39196 83.9896 84.3465 83.6327
3.46231 83.459 83.811 83.1071
3.53266 82.9284 83.2754 82.5815
3.60302 82.3978 82.7398 82.0558
3.67337 81.8672 82.2042 81.5302
3.74372 81.3367 81.6687 81.0046
3.81407 80.8061 81.1331 80.479
3.88442 80.2755 80.5976 79.9534
3.95477 79.7449 80.062 79.4278
4.02513 79.2143 79.5264 78.9021
4.09548 78.6837 78.9908 78.3765
4.16583 78.1531 78.4553 77.8509
4.23618 77.6225 77.9197 77.3253
4.30653 77.0919 77.3842 76.7997
4.37688 76.5613 76.8486 76.2741
4.44724 76.0307 76.313 75.7484
4.51759 75.5001 75.7774 75.2228
4.58794 74.9695 75.2419 74.6972
4.65829 74.4389 74.7063 74.1716
4.72864 73.9084 74.1708 73.646
4.79899 73.3778 73.6352 73.1204
4.86935 72.8472 73.0996 72.5947
4.9397 72.3166 72.564 72.0691
5.01005 71.786 72.0285 71.5435
5.0804 71.2554 71.4929 71.0179
5.15075 70.7248 70.9574 70.4923
5.22111 70.1942 70.4217 69.9666
5.29146 69.6636 69.8862 69.441
5.36181 69.133 69.3506 68.9154
5.43216 68.6024 68.8151 68.3898
5.50251 68.0718 68.2795 67.8642
5.57286 67.5412 67.744 67.3386
5.64322 67.0106 67.2083 66.8129
5.71357 66.48 66.6728 66.2873
5.78392 65.9495 66.1372 65.7617
5.85427 65.4189 65.6017 65.2361
5.92462 64.8883 65.0661 64.7105
5.99497 64.3577 64.5306 64.1849
6.06533 63.8271 63.9949 63.6592
6.13568 63.2965 63.4594 63.1336
6.20603 62.7659 62.9238 62.608
6.27638 62.2353 62.3883 62.0824
6.34673 61.7047 61.8527 61.5568
6.41709 61.1741 61.3171 61.0311
6.48744 60.6435 60.7815 60.5055
6.55779 60.1129 60.246 59.9799
6.62814 59.5823 59.7104 59.4543
6.69849 59.0517 59.1749 58.9287
6.76884 58.5212 58.6393 58.4031
6.8392 57.9906 58.1037 57.8774
6.90955 57.46 57.5681 57.3518
6.9799 56.9294 57.0326 56.8262
7.05025 56.3988 56.497 56.3006
7.1206 55.8682 55.9615 55.775
7.19095 55.3376 55.4259 55.2494
7.26131 54.807 54.8903 54.7237
7.33166 54.2764 54.3547 54.1981
7.40201 53.7458 53.8192 53.6725
7.47236 53.2152 53.2836 53.1469
7.54271 52.6846 52.7481 52.6213
7.61307 52.154 52.2124 52.0956
7.68342 51.6234 51.6769 51.57
7.75377 51.0929 51.1413 51.0444
7.82412 50.5623 50.6058 50.5188
7.89447 50.0317 50.0702 49.9932
7.96482 49.5011 49.5347 49.4676
8.03518 48.9705 48.999 48.9419
8.10553 48.4399 48.4635 48.4163
8.17588 47.9093 47.9279 47.8907
8.24623 47.3787 47.3924 47.3651
8.31658 46.8481 46.8568 46.8395
8.38693 46.3175 46.3213 46.3138
8.45729 45.7869 45.7856 45.7882
8.52764 45.2563 45.2501 45.2626
8.59799 44.7257 44.7145 44.737
8.66834 44.1951 44.179 44.2114
8.73869 43.6646 43.6434 43.6857
8.80905 43.134 43.1078 43.1601
8.8794 42.6034 42.5722 42.6345
8.94975 42.0728 42.0367 42.1089
9.0201 41.5422 41.5011 41.5833
9.09045 41.0116 40.9656 41.0576
9.1608 40.481 40.43 40.532
9.23116 39.9504 39.8944 40.0064
9.30151 39.4198 39.3588 39.4808
9.37186 38.8892 38.8233 38.9551
9.44221 38.3586 38.2877 38.4295
9.51256 37.828 37.7522 37.9039
9.58291 37.2974 37.2166 37.3783
9.65327 36.7668 36.681 36.8527
9.72362 36.2363 36.1454 36.327
9.79397 35.7057 35.6099 35.8014
9.86432 35.1751 35.0743 35.2758
9.93467 34.6445 34.5388 34.7502
10.005 34.1139 34.0034 34.2248
10.0754 33.5833 33.4674 33.6988
10.1457 33.0527 32.9322 33.1736
10.2161 32.5221 32.3963 32.6476
10.2864 31.9915 31.8611 32.1224
10.3568 31.4609 31.3252 31.5964
10.4271 30.9303 30.79 31.0711
10.4975 30.3997 30.2541 30.5452
10.5678 29.8691 29.7189 30.0199
10.6382 29.3385 29.183 29.494
10.7085 28.8079 28.6478 28.9687
10.7789 28.2774 28.1119 28.4427
10.8492 27.7468 27.5767 27.9175
10.9196 27.2162 27.0408 27.3915
10.9899 26.6856 26.5056 26.8663
11.0603 26.155 25.9697 26.3403
11.1307 25.6244 25.4337 25.8143
11.201 25.0938 24.8986 25.2891
11.2714 24.5632 24.3626 24.7631
11.3417 24.0326 23.8274 24.2379
11.4121 23.502 23.2915 23.7119
11.4824 22.9714 22.7563 23.1867
11.5528 22.4408 22.2204 22.6607
11.6231 21.9102 21.6852 22.1355
11.6935 21.3796 21.1493 21.6095
11.7638 20.8491 20.6141 21.0843
11.8342 20.3185 20.0782 20.5583
11.9045 19.7879 19.543 20.0331
11.9749 19.2573 19.0071 19.5071
12.0452 18.7267 18.4719 18.9819
12.1156 18.1961 17.936 18.4559
12.1859 17.6655 17.4008 17.9306
12.2563 17.1349 16.8649 17.4047
12.3266 16.6043 16.3297 16.8794
12.397 16.0737 15.7938 16.3535
12.4673 15.5431 15.2586 15.8282
12.5377 15.0125 14.7226 15.3022
12.608 14.4819 14.1875 14.777
12.6784 13.9513 13.6515 14.251
12.7487 13.4208 13.1164 13.7258
12.8191 12.8902 12.5804 13.1998
12.8894 12.3596 12.0453 12.6746
12.9598 11.829 11.5093 12.1486
13.0302 11.2984 10.9734 11.6226
13.1005 10.7678 10.4382 11.0974
13.1709 10.2372 9.90228 10.5714
13.2412 9.7066 9.3671 10.0462
13.3116 9.17601 8.83117 9.52021
13.3819 8.64542 8.296 8.99498
13.4523 8.11482 7.76006 8.469
13.5226 7.58423 7.22489 7.94377
13.593 7.05364 6.68895 7.41779
13.6633 6.52304 6.15378 6.89256
13.7337 5.99245 5.61784 6.36658
13.804 5.46186 5.08267 5.84135
13.8744 4.93127 4.54674 5.31537
13.9447 4.40067 4.01156 4.79014
14.0151 3.87008 3.47563 4.26416
14.0854 3.33949 2.94045 3.73893
14.1558 2.80889 2.40452 3.21295
14.2261 2.2783 1.86934 2.68772
14.2965 1.74771 1.33341 2.16174
14.3668 1.21711 0.798236 1.63651
14.4372 0.686521 0.262302 1.11053
14.5075 0.155929 -0.272872 0.585297
14.5779 -0.374664 -0.808807 0.0593187
14.6482 -0.905257 -1.34398 -0.465913
14.7186 -1.43585 -1.87992 -0.991892
14.7889 -1.96644 -2.41509 -1.51712
14.8593 -2.49704 -2.95102 -2.0431
14.9296 -3.02763 -3.4862 -2.56833
15 -3.55822 -4.02213 -3.09431
